70.847	72.003	70.411	71.804	31.10.2021
70.435	71.012	69.220	70.889	24.10.2021
71.072	71.398	69.835	70.295	17.10.2021
71.782	72.130	70.904	71.069	10.10.2021
72.687	73.001	71.652	71.881	03.10.2021
72.927	73.246	72.404	72.753	26.09.2021
72.922	73.617	72.566	72.729	19.09.2021
73.166	73.251	72.243	72.837	12.09.2021
72.797	73.530	72.686	73.185	05.09.2021
73.485	73.688	72.552	72.714	29.08.2021
74.234	74.480	73.557	73.572	22.08.2021
73.305	74.674	73.192	74.284	15.08.2021
73.199	74.142	73.167	73.200	08.08.2021
73.124	73.513	72.686	73.434	01.08.2021
73.824	74.275	72.729	73.144	25.07.2021
74.248	74.779	73.520	73.741	18.07.2021
74.522	74.798	73.893	74.060	11.07.2021
73.179	75.352	73.120	74.293	04.07.2021
72.132	73.798	72.107	73.251	27.06.2021
72.856	73.345	72.039	72.208	20.06.2021
71.996	72.863	71.628	72.799	13.06.2021
72.872	73.083	71.553	72.169	06.06.2021
73.152	73.743	72.768	72.805	30.05.2021
73.631	73.855	73.195	73.224	23.05.2021
74.010	74.114	73.363	73.584	16.05.2021
73.762	74.737	73.519	73.955	09.05.2021
75.181	75.855	73.528	73.745	02.05.2021
74.863	75.245	74.200	75.208	25.04.2021
75.606	77.146	74.666	74.963	18.04.2021
77.425	77.766	75.326	75.742	11.04.2021
76.436	78.040	75.989	77.368	04.04.2021
75.744	76.516	75.226	76.490	28.03.2021
74.697	76.963	74.219	75.749	21.03.2021
73.319	74.466	72.538	74.166	14.03.2021
74.208	74.876	73.183	73.336	07.03.2021
74.563	74.961	73.347	74.262	28.02.2021
74.040	75.069	73.361	74.712	21.02.2021
73.711	74.205	73.149	74.087	14.02.2021
74.672	74.815	73.519	73.721	07.02.2021
75.715	76.335	74.519	74.684	31.01.2021
75.382	76.502	74.507	75.672	24.01.2021
73.655	75.364	73.189	75.245	17.01.2021
74.169	74.998	73.110	73.587	10.01.2021
74.037	75.281	73.065	74.263	03.01.2021
74.141	75.256	73.375	74.027	27.12.2020
73.339	75.999	73.339	74.164	20.12.2020
72.913	73.995	72.652	73.518	13.12.2020
74.076	74.522	72.889	73.039	06.12.2020
76.018	76.596	73.760	73.988	29.11.2020
76.239	76.538	75.307	75.967	22.11.2020
77.364	77.422	75.526	76.225	15.11.2020
77.411	77.711	75.757	77.436	08.11.2020
79.425	80.953	76.645	77.434	01.11.2020
76.218	79.627	76.014	79.441	25.10.2020
77.856	78.158	76.118	76.218	18.10.2020
76.773	78.469	76.773	77.910	11.10.2020
78.196	78.879	76.662	76.772	04.10.2020
78.137	79.975	77.004	78.198	27.09.2020
75.654	78.508	75.448	78.136	20.09.2020
74.910	75.734	74.574	75.653	13.09.2020
75.360	76.586	74.670	74.908	06.09.2020
74.098	75.853	73.364	75.365	30.08.2020
74.795	75.999	74.003	74.096	23.08.2020
72.841	75.012	72.776	74.796	16.08.2020
73.672	74.011	72.690	72.841	09.08.2020
74.463	74.615	72.635	73.673	02.08.2020
71.674	74.513	71.435	74.459	26.07.2020
71.953	72.154	70.532	71.672	19.07.2020
70.784	72.000	70.478	71.881	12.07.2020
71.370	72.312	70.489	70.856	05.07.2020
69.783	71.669	69.598	71.378	28.06.2020
69.647	69.994	68.549	69.778	21.06.2020
69.831	70.550	69.157	69.469	14.06.2020
68.647	70.499	68.037	69.753	07.06.2020
70.310	70.373	68.220	68.654	31.05.2020
71.575	71.845	70.177	70.752	24.05.2020
73.844	74.076	70.609	71.728	17.05.2020
73.205	74.487	72.973	73.629	10.05.2020
75.496	75.949	73.099	73.503	03.05.2020
74.570	75.805	72.624	75.354	26.04.2020
73.932	77.665	73.932	74.582	19.04.2020
73.600	75.340	72.733	73.965	12.04.2020
77.064	77.392	72.694	73.793	05.04.2020
79.077	80.470	76.477	76.576	29.03.2020
79.684	81.366	76.977	78.846	22.03.2020
72.631	82.867	72.057	80.011	15.03.2020
70.768	75.654	70.632	72.232	08.03.2020
67.075	68.588	65.306	68.548	01.03.2020
64.230	67.641	64.230	66.892	23.02.2020
63.528	64.560	63.206	63.970	16.02.2020
64.092	64.297	62.910	63.512	09.02.2020
64.044	64.232	62.546	64.047	02.02.2020
62.228	64.004	62.171	63.994	26.01.2020
61.562	62.286	61.379	62.156	19.01.2020
61.017	61.797	60.872	61.589	12.01.2020
62.039	62.338	60.878	61.020	05.01.2020
62.119	62.302	61.571	62.063	29.12.2019
62.246	62.510	61.527	62.157	22.12.2019
62.851	63.064	62.009	62.281	15.12.2019
63.750	63.904	62.153	62.841	08.12.2019
64.340	64.483	63.596	63.664	01.12.2019
63.845	64.350	63.726	64.339	24.11.2019
63.744	64.103	63.610	63.861	17.11.2019
63.843	64.461	63.673	63.752	10.11.2019
63.376	64.023	63.165	63.800	03.11.2019
63.780	64.195	63.368	63.496	27.10.2019
63.844	64.192	63.547	63.874	20.10.2019
64.226	64.502	63.620	63.660	13.10.2019
64.671	65.357	64.006	64.188	06.10.2019
64.645	65.557	64.394	64.665	29.09.2019
64.069	64.709	63.608	64.666	22.09.2019
63.995	64.541	63.658	63.982	15.09.2019
65.828	66.018	64.147	64.375	08.09.2019
66.722	67.134	65.586	65.771	01.09.2019
66.245	66.970	65.834	66.714	25.08.2019
66.425	67.089	65.442	66.045	18.08.2019
65.430	66.578	64.786	66.507	11.08.2019
65.360	66.218	64.847	65.255	04.08.2019
63.392	65.423	63.073	65.237	28.07.2019
62.997	63.497	62.768	63.353	21.07.2019
63.098	63.179	62.557	63.022	14.07.2019
63.724	63.989	62.758	62.971	07.07.2019
63.270	63.859	62.778	63.805	30.06.2019
63.185	63.290	62.494	63.217	23.06.2019
64.375	64.431	62.820	63.041	16.06.2019
64.755	65.052	64.212	64.396	09.06.2019
65.430	65.727	64.739	64.784	02.06.2019
64.457	65.584	64.287	65.440	26.05.2019
64.664	64.924	64.146	64.462	19.05.2019
65.120	65.666	64.390	64.670	12.05.2019
65.194	65.533	64.902	65.220	05.05.2019
64.842	65.614	64.329	65.081	28.04.2019
64.005	64.975	63.649	64.790	21.04.2019
64.430	64.479	63.774	64.011	14.04.2019
65.500	65.582	64.124	64.279	07.04.2019
65.669	65.841	65.036	65.297	31.03.2019
64.675	65.772	63.916	65.750	24.03.2019
64.839	64.904	63.566	64.648	17.03.2019
66.380	66.408	64.782	64.796	10.03.2019
65.901	66.500	65.603	66.339	03.03.2019
65.427	66.018	65.159	65.914	24.02.2019
66.304	66.388	65.301	65.378	17.02.2019
65.398	67.161	65.370	66.322	10.02.2019
65.471	66.151	65.323	65.435	03.02.2019
65.987	66.404	65.160	65.472	27.01.2019
66.235	66.612	65.620	66.002	20.01.2019
66.866	67.294	66.121	66.176	13.01.2019
67.848	68.371	66.598	66.888	06.01.2019
69.620	69.813	67.309	67.532	30.12.2018
68.907	69.746	68.181	69.543	23.12.2018
66.691	69.129	66.431	68.946	16.12.2018
66.397	66.872	66.118	66.856	09.12.2018
67.129	67.226	65.981	66.441	02.12.2018
66.691	67.534	65.926	67.085	25.11.2018
65.991	66.415	65.417	66.204	18.11.2018
67.956	68.269	65.658	65.980	11.11.2018
66.098	68.192	65.750	67.950	04.11.2018
65.720	66.288	65.431	66.170	28.10.2018
65.516	65.974	64.955	65.593	21.10.2018
66.164	66.341	65.246	65.455	14.10.2018
66.667	67.089	65.863	66.060	07.10.2018
65.551	67.040	64.846	66.607	30.09.2018
66.532	66.649	65.221	65.550	23.09.2018
68.020	68.422	66.113	66.431	16.09.2018
69.912	70.768	67.459	68.159	09.09.2018
67.504	70.028	67.503	69.896	02.09.2018
67.415	68.393	66.976	67.462	26.08.2018
67.224	69.009	66.858	67.028	19.08.2018
67.789	69.352	66.094	67.112	12.08.2018
63.372	67.909	63.304	67.730	05.08.2018
62.670	63.553	62.163	63.345	29.07.2018
63.465	63.563	62.648	62.708	22.07.2018
62.480	63.864	62.092	63.502	15.07.2018
62.969	62.989	61.634	62.441	08.07.2018
62.910	63.612	62.895	62.989	01.07.2018
63.014	63.473	62.568	62.773	24.06.2018
63.076	64.210	62.800	62.982	17.06.2018
62.092	63.920	61.951	63.138	10.06.2018
62.035	62.932	61.253	62.319	03.06.2018
62.154	62.943	61.935	62.213	27.05.2018
62.334	62.705	60.945	62.214	20.05.2018
61.903	62.781	61.536	62.351	13.05.2018
61.826	64.071	61.409	61.921	06.05.2018
62.185	64.275	62.158	62.452	29.04.2018
61.335	63.029	61.006	62.154	22.04.2018
62.067	63.200	60.569	61.371	15.04.2018
58.088	65.040	58.055	62.110	08.04.2018
57.200	58.166	57.132	58.098	01.04.2018
57.240	57.880	56.821	57.135	25.03.2018
57.528	58.034	56.732	57.296	18.03.2018
56.800	57.806	56.484	57.514	11.03.2018
56.831	57.303	56.256	56.652	04.03.2018
56.110	57.377	55.551	56.802	25.02.2018
56.430	56.865	56.086	56.125	18.02.2018
58.275	58.453	56.167	56.411	11.02.2018
56.201	58.762	56.111	58.366	04.02.2018
56.201	56.602	55.875	56.536	28.01.2018
56.685	56.734	55.582	56.235	21.01.2018
56.612	56.954	56.219	56.663	14.01.2018
56.997	57.178	56.410	56.617	07.01.2018
57.257	57.707	56.793	56.969	31.12.2017
58.342	58.396	57.387	57.634	24.12.2017
58.779	58.871	58.190	58.301	17.12.2017
59.126	59.333	58.536	58.826	10.12.2017
58.896	59.383	58.503	59.122	03.12.2017
58.350	59.151	58.042	58.890	26.11.2017
59.180	59.577	58.249	58.444	19.11.2017
59.245	60.609	58.939	59.021	12.11.2017
58.941	59.577	58.208	59.154	05.11.2017
58.178	59.275	57.657	59.051	29.10.2017
57.483	58.757	57.238	58.093	22.10.2017
57.245	57.727	56.988	57.489	15.10.2017
58.144	58.502	57.056	57.336	08.10.2017
57.595	58.258	57.193	58.141	01.10.2017
57.600	58.579	57.240	57.549	24.09.2017
57.618	58.394	57.432	57.498	17.09.2017
57.305	57.995	57.039	57.528	10.09.2017
57.616	58.104	56.779	57.364	03.09.2017
58.606	58.901	57.371	57.474	27.08.2017
58.881	59.368	58.556	58.591	20.08.2017
59.842	60.112	58.906	58.947	13.08.2017
59.880	60.323	59.701	59.834	06.08.2017
59.634	60.841	59.464	59.964	30.07.2017
59.370	60.198	59.122	59.554	23.07.2017
59.080	60.134	58.771	59.352	16.07.2017
60.390	61.006	58.654	59.008	09.07.2017
58.889	60.620	58.792	60.379	02.07.2017
59.455	59.865	58.637	58.940	25.06.2017
57.632	60.416	57.562	59.447	18.06.2017
56.958	57.884	56.817	57.757	11.06.2017
56.621	57.219	56.406	57.033	04.06.2017
57.247	57.646	56.121	56.630	28.05.2017
56.821	57.287	55.996	56.510	21.05.2017
57.136	58.121	56.177	56.887	14.05.2017
58.073	58.581	56.924	57.081	07.05.2017
56.870	59.075	56.658	57.932	30.04.2017
56.121	57.410	55.699	56.923	23.04.2017
56.276	56.753	55.847	56.663	16.04.2017
57.382	57.584	56.079	56.179	09.04.2017
56.244	57.268	55.797	57.261	02.04.2017
56.939	57.390	55.853	56.240	26.03.2017
57.245	58.213	56.921	56.927	19.03.2017
58.911	59.613	57.156	57.177	12.03.2017
58.207	59.487	57.875	58.978	05.03.2017
58.396	59.003	57.584	58.232	26.02.2017
58.391	58.687	57.302	58.394	19.02.2017
58.275	58.581	56.553	58.286	12.02.2017
58.869	59.616	58.200	58.307	05.02.2017
59.785	60.416	58.548	58.998	29.01.2017
59.747	60.612	59.066	59.872	22.01.2017
59.519	60.257	58.958	59.798	15.01.2017
59.585	60.680	59.088	59.602	08.01.2017
61.223	61.340	59.107	59.619	01.01.2017
60.981	61.714	60.117	61.532	25.12.2016
61.946	62.101	60.683	60.999	18.12.2016
62.390	62.503	60.477	62.060	11.12.2016
63.905	64.410	62.211	62.459	04.12.2016
64.901	65.492	63.502	63.789	27.11.2016
64.639	64.975	63.466	64.823	20.11.2016
65.592	66.484	64.008	64.761	13.11.2016
64.396	66.311	63.224	65.832	06.11.2016
63.045	64.574	62.901	64.442	30.10.2016
62.521	63.241	61.947	62.898	23.10.2016
63.079	63.273	62.103	62.368	16.10.2016
62.108	63.522	61.829	62.952	09.10.2016
62.832	63.145	61.952	62.311	02.10.2016
64.018	64.479	62.630	62.874	25.09.2016
65.152	65.198	63.379	64.075	18.09.2016
64.613	65.519	64.130	65.280	11.09.2016
65.351	65.429	63.569	64.826	04.09.2016
64.818	66.026	64.328	65.153	28.08.2016
63.893	65.328	63.876	64.583	21.08.2016
64.900	64.990	63.386	63.892	14.08.2016
66.440	66.792	63.753	64.753	07.08.2016
65.971	67.445	64.990	65.237	31.07.2016
64.791	67.165	64.612	65.940	24.07.2016
63.571	64.969	62.686	64.793	17.07.2016
64.087	64.568	62.606	63.680	10.07.2016
63.867	64.801	63.530	63.856	03.07.2016
65.704	65.746	63.613	63.770	26.06.2016
64.779	67.245	63.350	65.116	19.06.2016
64.333	66.304	64.158	64.844	12.06.2016
65.298	65.984	63.367	65.485	05.06.2016
66.037	67.697	65.300	65.300	29.05.2016
66.635	67.222	64.934	65.934	22.05.2016
65.564	67.314	64.230	66.800	15.05.2016
65.800	66.664	64.562	65.448	08.05.2016
64.758	66.827	64.447	65.927	01.05.2016
66.224	67.006	63.988	64.762	24.04.2016
66.687	68.782	64.662	66.528	17.04.2016
67.087	67.354	65.183	66.486	10.04.2016
67.628	69.481	66.925	67.114	03.04.2016
67.967	69.226	66.730	67.678	27.03.2016
68.388	69.651	67.192	68.170	20.03.2016
69.636	71.389	67.269	68.358	13.03.2016
72.065	73.102	69.442	69.992	06.03.2016
75.323	76.285	71.750	71.870	28.02.2016
77.016	77.568	74.488	76.255	21.02.2016
78.382	78.498	74.632	76.992	14.02.2016
77.517	80.629	76.384	78.358	07.02.2016
75.450	79.890	75.211	77.500	31.01.2016
77.898	82.190	74.569	75.415	24.01.2016
77.755	85.964	77.755	77.960	17.01.2016
75.523	77.940	75.053	77.605	10.01.2016
72.595	76.103	72.595	74.762	03.01.2016
70.710	74.348	70.306	72.956	27.12.2015
70.965	71.404	69.224	70.667	20.12.2015
70.382	71.460	69.641	70.950	13.12.2015
67.816	70.490	67.693	70.380	06.12.2015
66.390	68.313	65.753	68.086	29.11.2015
64.755	66.475	64.715	66.425	22.11.2015
66.700	66.905	64.327	64.731	15.11.2015
64.540	66.984	64.074	66.730	08.11.2015
63.955	64.821	62.336	64.500	01.11.2015
62.365	65.508	62.103	63.975	25.10.2015
61.230	63.870	61.142	62.360	18.10.2015
61.750	63.292	60.736	61.275	11.10.2015
66.080	66.130	60.813	61.770	04.10.2015
65.535	66.678	64.737	66.090	27.09.2015
66.470	66.770	65.400	65.520	20.09.2015
67.990	68.083	64.902	66.440	13.09.2015
68.500	69.291	67.331	67.910	06.09.2015
65.435	68.522	63.724	68.485	30.08.2015
69.110	71.635	64.078	65.202	23.08.2015
65.020	69.269	64.990	69.050	16.08.2015
64.045	65.179	62.708	64.985	09.08.2015
61.765	64.692	61.355	64.015	02.08.2015
58.435	61.710	58.335	61.705	26.07.2015
56.945	58.722	56.718	58.410	19.07.2015
56.460	57.161	56.293	56.975	12.07.2015
56.195	57.691	56.016	56.405	05.07.2015
54.975	56.015	54.975	55.950	28.06.2015
54.020	55.311	53.374	54.840	21.06.2015
55.280	55.589	53.024	54.040	14.06.2015
56.250	56.406	53.790	55.170	07.06.2015
52.350	57.220	52.187	56.315	31.05.2015
50.105	53.224	49.640	52.360	24.05.2015
49.515	50.328	48.918	50.020	17.05.2015
50.428	51.959	48.844	49.500	10.05.2015
50.977	52.280	48.503	50.924	03.05.2015
50.924	52.614	50.085	51.925	26.04.2015
52.170	54.131	50.087	50.885	19.04.2015
53.365	54.107	49.341	51.974	12.04.2015
56.581	57.250	50.172	53.595	05.04.2015
57.822	58.683	56.208	56.690	29.03.2015
59.180	59.871	56.091	57.868	22.03.2015
62.237	62.748	59.012	59.216	15.03.2015
60.284	63.056	59.348	62.175	08.03.2015
61.736	62.735	59.303	60.297	01.03.2015
62.352	64.608	59.727	61.664	22.02.2015
62.974	63.591	61.107	62.070	15.02.2015
66.993	71.408	63.018	63.452	08.02.2015
69.955	70.463	64.539	66.867	01.02.2015
64.220	71.813	64.076	69.477	25.01.2015
65.081	69.748	62.952	64.124	18.01.2015
61.728	66.702	61.728	65.112	11.01.2015
58.967	64.248	57.329	61.497	04.01.2015
53.873	64.470	53.872	64.470	28.12.2014
58.739	58.756	51.686	53.941	21.12.2014
58.210	79.179	57.543	58.740	14.12.2014
52.680	58.548	52.568	58.177	07.12.2014
50.209	54.894	50.209	52.610	30.11.2014
45.702	50.564	44.368	50.417	23.11.2014
46.914	47.500	45.313	45.714	16.11.2014
46.630	47.842	44.948	46.978	09.11.2014
43.087	48.633	43.082	46.668	02.11.2014
41.895	43.775	41.192	43.018	26.10.2014
40.841	42.003	40.442	41.890	19.10.2014
40.351	41.143	40.194	40.721	12.10.2014
39.988	40.455	39.643	40.327	05.10.2014
39.142	40.000	39.072	39.986	28.09.2014
38.437	39.186	38.134	39.163	21.09.2014
37.760	38.891	37.750	38.430	14.09.2014
36.945	37.961	36.853	37.827	07.09.2014
37.026	37.504	36.660	36.876	31.08.2014
36.124	37.208	35.994	37.003	24.08.2014
36.088	36.372	35.906	36.090	17.08.2014
36.165	36.296	35.816	36.143	10.08.2014
35.594	36.542	35.594	36.128	03.08.2014
35.515	35.932	35.107	35.739	27.07.2014
35.141	35.221	34.750	35.141	20.07.2014
34.171	35.259	34.129	35.145	13.07.2014
34.412	34.620	33.782	34.158	06.07.2014
33.738	34.495	33.704	34.405	29.06.2014
34.460	34.479	33.544	33.732	22.06.2014
34.390	34.878	34.150	34.465	15.06.2014
34.399	34.487	34.250	34.382	08.06.2014
34.890	35.243	34.380	34.398	01.06.2014
34.094	34.924	34.009	34.891	25.05.2014
34.781	34.804	34.054	34.118	18.05.2014
35.227	35.300	34.599	34.776	11.05.2014
35.874	35.875	34.737	35.222	04.05.2014
36.041	36.113	35.518	35.869	27.04.2014
35.609	36.074	35.552	36.045	20.04.2014
35.681	36.297	35.426	35.608	13.04.2014
35.297	35.838	35.288	35.646	06.04.2014
35.741	35.753	34.927	35.288	30.03.2014
36.256	36.287	35.322	35.758	23.03.2014
36.725	36.780	35.883	36.242	16.03.2014
36.450	36.698	36.303	36.587	09.03.2014
36.616	36.898	35.899	36.459	02.03.2014
35.497	36.246	35.362	36.046	23.02.2014
35.101	35.920	35.007	35.479	16.02.2014
34.755	35.383	34.672	35.089	09.02.2014
35.198	35.553	34.539	34.768	02.02.2014
34.515	35.442	34.416	35.206	26.01.2014
33.583	34.620	33.561	34.514	19.01.2014
33.028	33.625	32.993	33.594	12.01.2014
33.162	33.295	33.024	33.051	05.01.2014
32.604	33.455	32.563	33.192	29.12.2013
32.988	33.007	32.472	32.615	22.12.2013
32.861	33.032	32.747	32.985	15.12.2013
32.690	32.904	32.612	32.849	08.12.2013
33.160	33.288	32.696	32.705	01.12.2013
32.715	33.233	32.695	33.140	24.11.2013
32.560	33.496	32.464	32.730	17.11.2013
32.661	32.944	32.405	32.565	10.11.2013
32.461	32.752	32.262	32.655	03.11.2013
31.766	32.428	31.754	32.418	27.10.2013
31.905	31.991	31.630	31.765	20.10.2013
32.274	32.320	31.795	31.918	13.10.2013
32.255	32.458	32.160	32.285	06.10.2013
32.408	32.525	32.005	32.175	29.09.2013
31.796	32.477	31.756	32.326	22.09.2013
32.410	32.450	31.512	31.809	15.09.2013
33.292	33.350	32.449	32.465	08.09.2013
33.288	33.527	33.230	33.310	01.09.2013
32.983	33.311	32.915	33.287	25.08.2013
32.921	33.232	32.878	32.999	18.08.2013
32.885	33.202	32.802	32.922	11.08.2013
32.840	33.094	32.784	32.857	04.08.2013
32.820	33.114	32.668	32.813	28.07.2013
32.356	32.863	32.205	32.818	21.07.2013
32.505	32.715	32.291	32.364	14.07.2013
33.341	33.344	32.464	32.621	07.07.2013
32.851	33.368	32.619	33.312	30.06.2013
32.830	33.015	32.616	32.834	23.06.2013
31.744	32.958	31.494	32.820	16.06.2013
32.179	32.514	31.620	31.716	09.06.2013
31.941	32.420	31.769	32.157	02.06.2013
31.367	32.014	31.268	31.873	26.05.2013
31.357	31.525	31.054	31.379	19.05.2013
31.389	31.528	31.209	31.431	12.05.2013
31.038	31.486	30.959	31.416	05.05.2013
31.265	31.388	30.888	31.042	28.04.2013
31.690	31.794	31.080	31.268	21.04.2013
31.065	31.874	31.065	31.716	14.04.2013
31.526	31.667	30.766	31.081	07.04.2013
31.061	31.756	31.041	31.540	31.03.2013
30.773	31.120	30.702	31.051	24.03.2013
30.915	31.014	30.761	30.815	17.03.2013
30.760	30.830	30.605	30.640	10.03.2013
30.663	30.842	30.582	30.780	03.03.2013
30.351	30.763	30.226	30.730	24.02.2013
30.126	30.463	30.027	30.445	17.02.2013
30.092	30.212	29.998	30.114	10.02.2013
29.865	30.239	29.865	30.144	03.02.2013
30.001	30.193	29.831	29.850	27.01.2013
30.287	30.343	29.966	30.031	20.01.2013
30.327	30.429	30.152	30.271	13.01.2013
30.317	30.510	30.147	30.329	06.01.2013
30.325	30.650	30.103	30.384	30.12.2012
30.770	30.882	30.237	30.340	23.12.2012
30.697	31.032	30.602	30.829	16.12.2012
30.870	30.916	30.493	30.709	09.12.2012
30.845	31.030	30.735	30.808	02.12.2012
31.038	31.191	30.775	30.876	25.11.2012
31.733	31.733	31.004	31.060	18.11.2012
31.600	31.840	31.528	31.735	11.11.2012
31.464	31.734	31.252	31.570	04.11.2012
31.453	31.564	31.226	31.467	28.10.2012
30.881	31.534	30.828	31.375	21.10.2012
31.187	31.187	30.645	30.886	14.10.2012
31.005	31.241	30.938	31.101	07.10.2012
31.294	31.294	30.805	30.938	30.09.2012
31.201	31.395	30.869	31.191	23.09.2012
30.514	31.666	30.485	31.051	16.09.2012
31.651	31.844	30.378	30.454	09.09.2012
32.260	32.496	31.641	31.649	02.09.2012
31.808	32.646	31.751	32.271	26.08.2012
32.066	32.124	31.621	31.791	19.08.2012
31.764	32.118	31.659	32.039	12.08.2012
31.989	32.026	31.420	31.866	05.08.2012
32.091	32.651	31.924	31.964	29.07.2012
32.206	33.076	32.041	32.051	22.07.2012
32.554	32.721	31.841	32.034	15.07.2012
32.963	33.087	32.575	32.575	08.07.2012
32.375	32.878	32.089	32.878	01.07.2012
33.200	33.335	32.382	32.415	24.06.2012
32.240	33.625	32.050	33.225	17.06.2012
32.470	33.020	32.060	32.350	10.06.2012
33.770	34.140	32.040	32.490	03.06.2012
31.940	34.040	31.790	33.670	27.05.2012
31.240	32.070	30.980	32.060	20.05.2012
30.130	31.470	30.130	31.300	13.05.2012
29.890	30.470	29.820	30.140	06.05.2012
29.300	29.850	29.260	29.790	29.04.2012
29.460	29.590	29.230	29.310	22.04.2012
29.710	29.790	29.420	29.440	15.04.2012
29.610	29.870	29.380	29.610	08.04.2012
29.330	29.620	29.140	29.560	01.04.2012
29.280	29.540	28.850	29.340	25.03.2012
29.230	29.510	29.100	29.270	18.03.2012
29.670	29.690	29.210	29.230	11.03.2012
29.320	29.780	29.220	29.420	04.03.2012
29.200	29.370	28.840	29.310	26.02.2012
29.910	29.920	29.130	29.170	19.02.2012
29.940	30.340	29.820	29.940	12.02.2012
30.160	30.300	29.650	30.040	05.02.2012
30.150	30.470	30.040	30.190	29.01.2012
31.350	31.380	30.090	30.120	22.01.2012
31.880	31.970	31.220	31.320	15.01.2012
31.940	32.050	31.500	31.850	08.01.2012
32.090	32.240	31.570	31.970	01.01.2012
31.190	32.330	31.040	32.130	25.12.2011
32.050	32.170	31.050	31.180	18.12.2011
31.520	32.030	31.370	31.980	11.12.2011
30.930	31.650	30.840	31.490	04.12.2011
31.530	31.530	30.640	30.950	27.11.2011
30.830	31.710	30.830	31.520	20.11.2011
30.330	30.960	30.230	30.850	13.11.2011
30.650	30.900	30.060	30.280	06.11.2011
30.010	30.980	30.010	30.690	30.10.2011
31.070	31.080	29.670	29.810	23.10.2011
30.890	31.600	30.610	31.100	16.10.2011
32.090	32.130	30.800	30.870	09.10.2011
32.450	32.890	32.020	32.340	02.10.2011
32.210	32.520	31.610	32.200	25.09.2011
30.660	32.340	30.660	32.080	18.09.2011
30.260	30.630	30.110	30.550	11.09.2011
29.150	30.140	29.150	30.050	04.09.2011
28.800	29.180	28.680	29.170	28.08.2011
29.090	29.320	28.780	28.810	21.08.2011
29.130	29.340	28.560	29.000	14.08.2011
28.290	30.180	28.200	29.100	07.08.2011
27.600	28.420	27.500	28.330	31.07.2011
27.780	27.800	27.400	27.610	24.07.2011
28.160	28.240	27.660	27.770	17.07.2011
28.010	28.460	27.960	28.070	10.07.2011
27.770	28.050	27.760	27.990	03.07.2011
28.320	28.390	27.840	27.870	26.06.2011
28.060	28.320	27.870	28.250	19.06.2011
27.915	28.220	27.721	28.050	12.06.2011
27.679	27.911	27.558	27.878	05.06.2011
27.934	28.010	27.680	27.707	29.05.2011
28.146	28.441	27.896	27.941	22.05.2011
28.072	28.159	27.787	28.067	15.05.2011
27.744	28.087	27.486	28.043	08.05.2011
27.317	27.734	27.052	27.604	01.05.2011
27.908	27.926	27.149	27.285	24.04.2011
28.092	28.403	27.738	27.910	17.04.2011
27.879	28.212	27.828	28.031	10.04.2011
28.175	28.279	27.874	27.936	03.04.2011
28.271	28.509	28.135	28.200	27.03.2011
28.347	28.361	28.022	28.230	20.03.2011
28.576	28.852	28.318	28.345	13.03.2011
28.083	28.680	28.026	28.517	06.03.2011
28.843	28.847	28.017	28.076	27.02.2011
29.043	29.223	28.767	28.792	20.02.2011
29.206	29.250	29.020	29.067	13.02.2011
29.282	29.307	29.100	29.222	06.02.2011
29.693	29.778	29.173	29.306	30.01.2011
29.794	29.811	29.475	29.693	23.01.2011
29.993	30.013	29.672	29.814	16.01.2011
30.472	30.603	29.814	30.003	09.01.2011
30.553	30.668	30.330	30.535	02.01.2011
30.350	30.517	30.091	30.433	26.12.2010
30.696	30.767	30.295	30.352	19.12.2010
30.864	30.874	30.507	30.701	12.12.2010
31.141	31.242	30.734	30.815	05.12.2010
31.315	31.510	31.054	31.082	28.11.2010
30.845	31.415	30.792	31.297	21.11.2010
30.744	31.320	30.726	30.994	14.11.2010
30.509	30.782	30.367	30.756	07.11.2010
30.679	30.790	30.256	30.530	31.10.2010
30.190	30.800	30.059	30.698	24.10.2010
30.216	30.806	30.215	30.322	17.10.2010
29.684	30.242	29.665	30.202	10.10.2010
30.365	30.463	29.474	29.747	03.10.2010
30.588	30.603	30.263	30.351	26.09.2010
30.881	31.025	30.554	30.590	19.09.2010
30.693	31.263	30.472	30.908	12.09.2010
30.494	30.856	30.458	30.747	05.09.2010
30.593	30.794	30.497	30.529	29.08.2010
30.516	30.890	30.474	30.542	22.08.2010
30.470	30.589	30.239	30.552	15.08.2010
29.677	30.556	29.671	30.500	08.08.2010
30.137	30.137	29.574	29.713	01.08.2010
30.211	30.274	30.043	30.107	25.07.2010
30.426	30.526	30.215	30.307	18.07.2010
30.837	30.837	30.268	30.435	11.07.2010
31.055	31.102	30.647	30.745	04.07.2010
30.888	31.313	30.852	31.015	27.06.2010
30.822	31.153	30.579	30.931	20.06.2010
31.536	31.555	30.695	30.896	13.06.2010
31.504	31.845	31.278	31.482	06.06.2010
30.646	31.451	30.569	31.376	30.05.2010
31.055	31.587	30.282	30.559	23.05.2010
30.344	31.473	30.142	30.980	16.05.2010
29.745	30.416	29.611	30.406	09.05.2010
29.207	30.707	29.176	30.517	02.05.2010
29.038	29.358	28.938	29.156	25.04.2010
28.981	29.204	28.965	29.026	18.04.2010
28.831	29.024	28.817	28.998	11.04.2010
29.145	29.383	29.044	29.058	04.04.2010
29.471	29.686	29.098	29.178	28.03.2010
29.240	29.640	29.214	29.530	21.03.2010
29.224	29.377	29.044	29.236	14.03.2010
29.617	29.731	29.179	29.210	07.03.2010
29.875	29.954	29.646	29.703	28.02.2010
29.897	30.035	29.771	29.859	21.02.2010
30.185	30.195	29.849	29.924	14.02.2010
30.466	30.487	30.004	30.113	07.02.2010
30.283	30.462	29.730	30.371	31.01.2010
29.753	30.397	29.753	30.260	24.01.2010
29.459	30.078	29.405	29.753	17.01.2010
29.565	29.789	29.192	29.459	10.01.2010
29.988	30.117	29.598	29.678	03.01.2010
29.477	30.255	29.461	29.948	27.12.2009
30.519	30.597	29.256	29.586	20.12.2009
30.036	30.802	29.868	30.553	13.12.2009
29.376	30.867	29.338	30.168	06.12.2009
29.143	29.411	28.868	29.388	29.11.2009
28.808	29.827	28.644	29.237	22.11.2009
28.644	29.011	28.538	28.911	15.11.2009
28.844	28.878	28.531	28.758	08.11.2009
29.015	29.360	28.837	28.976	01.11.2009
28.851	29.350	28.767	29.041	25.10.2009
29.319	29.346	28.838	28.848	18.10.2009
29.535	29.545	29.194	29.327	11.10.2009
29.961	30.006	29.416	29.541	04.10.2009
30.039	30.161	29.881	30.056	27.09.2009
30.200	30.349	29.830	30.039	20.09.2009
30.590	31.014	30.129	30.132	13.09.2009
31.453	31.462	30.489	30.553	06.09.2009
31.543	32.008	31.451	31.476	30.08.2009
31.542	31.643	31.165	31.518	23.08.2009
31.608	32.338	31.433	31.547	16.08.2009
31.531	32.807	31.384	31.576	09.08.2009
31.377	31.660	30.820	31.557	02.08.2009
30.852	31.824	30.502	31.368	26.07.2009
31.616	31.616	30.703	30.901	19.07.2009
32.630	33.026	31.520	31.672	12.07.2009
31.165	32.719	31.165	32.599	05.07.2009
31.066	31.223	30.896	31.178	28.06.2009
31.055	31.527	30.953	31.024	21.06.2009
30.928	31.277	30.923	30.986	14.06.2009
30.813	31.393	30.687	30.840	07.06.2009
30.898	30.983	30.373	30.783	31.05.2009
30.982	31.513	30.685	30.876	24.05.2009
32.150	32.265	30.935	30.960	17.05.2009
32.137	32.261	31.838	32.032	10.05.2009
32.868	32.989	32.235	32.249	03.05.2009
33.220	33.540	32.827	32.969	26.04.2009
33.383	34.143	33.041	33.095	19.04.2009
33.422	33.496	33.164	33.371	12.04.2009
33.163	33.745	33.055	33.418	05.04.2009
33.747	34.124	33.201	33.215	29.03.2009
33.333	33.739	33.047	33.692	22.03.2009
34.653	34.829	33.165	33.412	15.03.2009
35.656	35.758	34.518	34.588	08.03.2009
35.810	36.283	35.545	35.674	01.03.2009
35.895	36.285	35.501	35.819	22.02.2009
34.640	36.467	34.613	35.844	15.02.2009
36.000	36.164	34.355	34.535	08.02.2009
35.812	36.364	35.787	36.075	01.02.2009
32.850	35.778	32.549	35.647	25.01.2009
32.347	33.639	32.273	32.773	18.01.2009
30.806	32.582	30.737	32.444	11.01.2009
29.319	30.842	29.035	30.809	04.01.2009
28.909	30.449	28.764	29.319	28.12.2008
28.084	28.972	27.914	28.906	21.12.2008
27.553	28.131	27.048	28.088	14.12.2008
28.074	28.078	27.548	27.601	07.12.2008
27.860	28.192	27.668	28.088	30.11.2008
27.356	27.906	27.128	27.840	23.11.2008
27.466	27.644	27.179	27.424	16.11.2008
26.896	27.635	26.776	27.290	09.11.2008
26.939	27.202	26.575	26.947	02.11.2008
27.119	27.425	25.976	26.987	26.10.2008
26.279	27.238	25.802	27.118	19.10.2008
26.133	26.328	25.904	26.275	12.10.2008
26.030	26.248	25.877	26.133	05.10.2008
25.061	25.964	25.015	25.902	28.09.2008
25.208	25.242	24.792	24.964	21.09.2008
25.376	25.598	25.165	25.206	14.09.2008
25.326	25.785	25.139	25.455	07.09.2008
24.536	25.455	24.525	25.410	31.08.2008
24.314	24.697	24.312	24.574	24.08.2008
24.533	24.546	24.187	24.314	17.08.2008
24.224	24.568	24.053	24.541	10.08.2008
23.408	24.181	23.296	24.172	03.08.2008
23.329	23.452	23.249	23.418	27.07.2008
23.160	23.362	23.099	23.318	20.07.2008
23.187	23.243	22.994	23.152	13.07.2008
23.431	23.507	23.163	23.187	06.07.2008
23.366	23.477	23.280	23.421	29.06.2008
23.494	23.689	23.346	23.347	22.06.2008
23.716	23.745	23.464	23.508	15.06.2008
23.480	23.780	23.392	23.718	08.06.2008
23.618	23.797	23.465	23.471	01.06.2008
23.493	23.701	23.400	23.618	25.05.2008
23.633	23.745	23.438	23.480	18.05.2008
23.712	23.861	23.607	23.660	11.05.2008
23.740	23.858	23.597	23.676	04.05.2008
23.574	23.786	23.506	23.737	27.04.2008
23.400	23.619	23.230	23.559	20.04.2008
23.484	23.562	23.266	23.398	13.04.2008
23.481	23.569	23.311	23.404	06.04.2008
23.420	23.668	23.341	23.473	30.03.2008
23.740	23.811	23.377	23.424	23.03.2008
23.526	23.769	23.319	23.731	16.03.2008
23.794	23.864	23.519	23.533	09.03.2008
23.945	24.014	23.713	23.792	02.03.2008
24.372	24.422	23.895	23.955	24.02.2008
24.534	24.576	24.351	24.378	17.02.2008
24.669	24.691	24.493	24.528	10.02.2008
24.435	24.787	24.369	24.680	03.02.2008
24.481	24.549	24.288	24.432	27.01.2008
24.476	24.861	24.354	24.481	20.01.2008
24.294	24.480	24.191	24.463	13.01.2008
24.412	24.502	24.284	24.320	06.01.2008
24.432	24.584	24.326	24.401	30.12.2007
24.677	24.677	24.425	24.427	23.12.2007
24.638	24.731	24.606	24.673	16.12.2007
24.422	24.639	24.343	24.622	09.12.2007
24.436	24.526	24.315	24.418	02.12.2007
24.262	24.451	24.198	24.439	25.11.2007
24.423	24.448	24.171	24.257	18.11.2007
24.426	24.556	24.362	24.430	11.11.2007
24.555	24.611	24.343	24.395	04.11.2007
24.658	24.674	24.545	24.557	28.10.2007
24.743	24.921	24.663	24.665	21.10.2007
24.867	24.885	24.745	24.784	14.10.2007
24.898	25.011	24.819	24.864	07.10.2007
24.796	24.964	24.784	24.907	30.09.2007
24.968	24.982	24.785	24.797	23.09.2007
25.277	25.308	24.974	24.980	16.09.2007
25.499	25.518	25.263	25.277	09.09.2007
25.595	25.673	25.492	25.511	02.09.2007
25.619	25.719	25.513	25.595	26.08.2007
25.701	25.844	25.621	25.628	19.08.2007
25.399	25.754	25.376	25.696	12.08.2007
25.370	25.458	25.274	25.400	05.08.2007
25.547	25.555	25.409	25.422	29.07.2007
25.319	25.546	25.308	25.530	22.07.2007
25.390	25.422	25.321	25.326	15.07.2007
25.650	25.652	25.372	25.394	08.07.2007
25.678	25.723	25.578	25.642	01.07.2007
25.819	25.840	25.668	25.678	24.06.2007
25.923	25.923	25.816	25.816	17.06.2007
25.912	26.023	25.901	25.908	10.06.2007
25.836	25.946	25.744	25.910	03.06.2007
25.837	25.884	25.772	25.835	27.05.2007
25.776	25.871	25.759	25.843	20.05.2007
25.763	25.816	25.678	25.774	13.05.2007
25.691	25.816	25.659	25.761	06.05.2007
25.648	25.747	25.613	25.688	29.04.2007
25.688	25.737	25.615	25.634	22.04.2007
25.728	25.872	25.656	25.695	15.04.2007
25.916	25.945	25.738	25.757	08.04.2007
25.916	25.976	25.859	25.914	01.04.2007
26.006	26.033	25.923	25.937	25.03.2007
25.984	26.014	25.900	26.006	18.03.2007
26.192	26.543	25.967	25.985	11.03.2007
26.115	26.240	26.111	26.195	04.03.2007
26.132	26.891	26.051	26.125	25.02.2007
26.184	26.891	26.121	26.141	18.02.2007
26.316	26.894	26.163	26.181	11.02.2007
26.487	26.895	26.275	26.323	04.02.2007
26.537	26.557	26.388	26.474	28.01.2007
26.503	26.563	26.429	26.542	21.01.2007
26.546	26.720	26.446	26.502	14.01.2007
26.346	26.592	26.346	26.557	07.01.2007
26.284	26.362	26.269	26.347	31.12.2006
26.308	26.362	26.276	26.289	24.12.2006
26.369	26.391	26.227	26.275	17.12.2006
26.275	26.378	26.180	26.350	10.12.2006
26.115	26.268	26.115	26.263	03.12.2006
26.330	26.366	26.131	26.143	26.11.2006
26.619	26.640	26.360	26.393	19.11.2006
26.590	26.679	26.570	26.614	12.11.2006
26.717	26.740	26.544	26.595	05.11.2006
26.707	26.757	26.645	26.710	29.10.2006
26.830	26.907	26.694	26.698	22.10.2006
26.944	26.969	26.806	26.838	15.10.2006
26.858	26.973	26.841	26.947	08.10.2006
26.758	26.882	26.640	26.856	01.10.2006
26.643	26.795	26.613	26.762	24.09.2006
26.754	26.839	26.611	26.642	17.09.2006
26.777	26.814	26.697	26.749	10.09.2006
26.703	26.785	26.604	26.772	03.09.2006
26.778	26.785	26.658	26.701	27.08.2006
26.699	26.800	26.616	26.776	20.08.2006
26.808	26.837	26.660	26.707	13.08.2006
26.666	26.803	26.624	26.794	06.08.2006
26.760	26.821	26.642	26.669	30.07.2006
26.831	26.966	26.756	26.766	23.07.2006
26.956	27.064	26.837	26.843	16.07.2006
26.815	26.958	26.809	26.949	09.07.2006
26.821	26.905	26.772	26.813	02.07.2006
27.090	27.097	26.815	26.818	25.06.2006
26.892	27.119	26.892	27.086	18.06.2006
27.022	27.094	26.890	26.892	11.06.2006
26.737	27.022	26.664	26.996	04.06.2006
27.034	27.076	26.725	26.737	28.05.2006
27.047	27.096	26.885	27.031	21.05.2006
26.875	27.068	26.862	27.034	14.05.2006
27.046	27.099	26.855	26.875	07.05.2006
27.226	27.227	26.987	27.063	30.04.2006
27.461	27.461	27.148	27.150	23.04.2006
27.685	27.685	27.414	27.444	16.04.2006
27.661	27.712	27.613	27.686	09.04.2006
27.681	27.759	27.461	27.674	02.04.2006
27.828	27.830	27.659	27.682	26.03.2006
27.653	27.840	27.616	27.778	19.03.2006
28.017	28.017	27.629	27.643	12.03.2006
27.906	28.071	27.851	28.021	05.03.2006
28.128	28.134	27.840	27.841	26.02.2006
28.128	28.212	28.087	28.169	19.02.2006
28.145	28.317	28.140	28.172	12.02.2006
28.205	28.282	28.187	28.272	05.02.2006
27.977	28.256	27.977	28.207	29.01.2006
28.203	28.203	27.884	28.074	22.01.2006
28.407	28.407	28.204	28.211	15.01.2006
28.644	28.649	28.354	28.388	08.01.2006
28.715	28.716	28.644	28.644	01.01.2006
28.764	28.806	28.686	28.715	25.12.2005
28.593	28.834	28.588	28.745	18.12.2005
28.837	28.854	28.590	28.610	11.12.2005
28.952	28.976	28.836	28.837	04.12.2005
28.767	28.968	28.596	28.933	27.11.2005
28.716	28.846	28.637	28.836	20.11.2005
28.807	28.869	28.711	28.736	13.11.2005
28.550	28.898	28.550	28.820	06.11.2005
28.426	28.656	28.426	28.550	30.10.2005
28.621	28.645	28.376	28.441	23.10.2005
28.526	28.665	28.466	28.610	16.10.2005
28.474	28.650	28.439	28.516	09.10.2005
28.520	28.655	28.404	28.467	02.10.2005
28.530	28.549	28.331	28.473	25.09.2005
28.350	28.490	28.290	28.480	18.09.2005
28.250	28.395	28.240	28.350	11.09.2005
28.267	28.280	28.107	28.245	04.09.2005
28.410	28.561	28.215	28.255	28.08.2005
28.570	28.575	28.408	28.410	21.08.2005
28.286	28.603	28.286	28.590	14.08.2005
28.426	28.426	28.278	28.286	07.08.2005
28.591	28.601	28.353	28.401	31.07.2005
28.590	28.721	28.581	28.606	24.07.2005
28.669	28.730	28.532	28.615	17.07.2005
28.750	28.759	28.526	28.669	10.07.2005
28.605	28.824	28.605	28.750	03.07.2005
28.619	28.670	28.519	28.605	26.06.2005
28.495	28.658	28.440	28.619	19.06.2005
28.462	28.606	28.461	28.496	12.06.2005
28.348	28.462	28.330	28.462	05.06.2005
28.058	28.395	28.040	28.348	29.05.2005
28.007	28.072	27.978	28.058	22.05.2005
27.943	28.020	27.938	28.007	15.05.2005
27.797	27.943	27.785	27.943	08.05.2005
27.759	27.823	27.750	27.797	01.05.2005
27.687	27.785	27.685	27.759	24.04.2005
27.897	27.905	27.664	27.687	17.04.2005
27.829	27.897	27.733	27.897	10.04.2005
27.787	27.931	27.769	27.829	03.04.2005
27.684	27.883	27.684	27.787	27.03.2005
27.494	27.709	27.492	27.682	20.03.2005
27.428	27.500	27.425	27.494	13.03.2005
27.677	27.725	27.419	27.428	06.03.2005
27.719	27.737	27.644	27.673	27.02.2005
27.921	27.927	27.689	27.719	20.02.2005
28.054	28.054	27.903	27.921	13.02.2005
27.936	28.192	27.936	28.054	06.02.2005
28.055	28.141	27.916	27.936	30.01.2005
28.053	28.104	27.912	28.055	23.01.2005
27.923	28.293	27.903	28.053	16.01.2005
27.738	27.973	27.738	27.923	09.01.2005
27.733	27.878	27.698	27.738	02.01.2005
27.803	28.273	27.698	27.698	26.12.2004
27.909	27.909	27.798	27.803	19.12.2004
28.080	28.080	27.800	27.909	12.12.2004
27.901	28.149	27.802	28.080	05.12.2004
28.289	28.305	27.852	27.901	28.11.2004
28.502	28.556	28.218	28.289	21.11.2004
28.648	28.674	28.481	28.502	14.11.2004
28.638	28.671	28.578	28.648	07.11.2004
28.737	28.769	28.611	28.638	31.10.2004
29.092	29.092	28.675	28.720	24.10.2004
29.088	29.100	28.909	28.913	17.10.2004
29.197	29.199	29.030	29.088	10.10.2004
29.191	29.205	29.135	29.196	03.10.2004
29.191	29.203	29.184	29.191	26.09.2004
29.196	29.198	29.183	29.191	19.09.2004
29.192	29.203	29.183	29.196	12.09.2004
29.195	29.211	29.190	29.192	05.09.2004
29.207	29.242	29.188	29.195	29.08.2004
29.194	29.224	29.189	29.202	22.08.2004
29.224	29.227	29.188	29.194	15.08.2004
29.179	29.264	29.179	29.224	08.08.2004
29.081	29.196	29.063	29.179	01.08.2004
29.056	29.096	29.052	29.081	25.07.2004
29.057	29.074	29.010	29.056	18.07.2004
29.087	29.116	29.045	29.065	11.07.2004
28.982	29.118	28.957	29.092	04.07.2004
28.994	29.047	28.992	28.992	27.06.2004
28.999	29.008	28.987	28.994	20.06.2004
28.999	29.009	28.990	28.997	13.06.2004
29.009	29.026	28.991	28.999	06.06.2004
29.002	29.068	28.967	29.020	30.05.2004
28.955	29.016	28.953	29.002	23.05.2004
29.063	29.063	28.952	28.952	16.05.2004
28.933	29.074	28.914	29.061	09.05.2004
28.998	29.004	28.819	28.933	02.05.2004
28.910	29.013	28.814	28.985	25.04.2004
28.612	28.965	28.602	28.897	18.04.2004
28.512	28.626	28.502	28.614	11.04.2004
28.493	28.534	28.483	28.510	04.04.2004
28.473	28.513	28.463	28.493	28.03.2004
28.483	28.508	28.453	28.468	21.03.2004
28.483	28.523	28.473	28.487	14.03.2004
28.526	28.583	28.463	28.484	07.03.2004
28.501	28.691	28.479	28.526	29.02.2004
28.496	28.546	28.456	28.487	22.02.2004
28.421	28.501	28.386	28.486	15.02.2004
28.474	28.517	28.416	28.416	08.02.2004
28.512	28.660	28.463	28.509	01.02.2004
28.492	28.529	28.449	28.510	25.01.2004
28.771	28.782	28.482	28.493	18.01.2004
28.848	28.892	28.761	28.762	11.01.2004
29.210	29.236	28.926	28.927	04.01.2004
29.289	29.424	29.220	29.220	28.12.2003
29.262	29.330	29.138	29.291	21.12.2003
29.381	29.381	29.198	29.262	14.12.2003
29.617	29.617	29.363	29.380	07.12.2003
29.716	29.716	29.613	29.613	30.11.2003
29.766	29.768	29.706	29.716	23.11.2003
29.789	29.811	29.736	29.775	16.11.2003
29.769	29.841	29.737	29.786	09.11.2003
29.923	29.935	29.765	29.758	02.11.2003
29.889	30.027	29.772	29.918	26.10.2003
30.025	30.027	29.880	29.883	19.10.2003
30.102	30.245	29.997	30.026	12.10.2003
30.428	30.445	30.062	30.086	05.10.2003
30.491	30.619	30.407	30.427	28.09.2003
30.501	30.528	30.368	30.496	21.09.2003
30.698	30.713	30.501	30.501	14.09.2003
30.647	30.697	30.583	30.697	07.09.2003
30.493	30.699	30.486	30.650	31.08.2003
30.252	30.516	30.252	30.485	24.08.2003
30.305	30.320	30.250	30.252	17.08.2003
30.389	30.393	30.293	30.301	10.08.2003
30.381	30.414	30.250	30.389	03.08.2003
30.265	30.380	30.206	30.380	27.07.2003
30.369	30.381	30.260	30.260	20.07.2003
30.398	30.536	30.388	30.398	13.07.2003
30.281	30.420	30.268	30.398	06.07.2003
30.348	30.355	30.244	30.281	29.06.2003
30.301	30.367	30.284	30.317	22.06.2003
30.389	30.390	30.321	30.301	15.06.2003
30.461	30.521	30.461	30.521	08.06.2003
30.691	30.716	30.534	30.586	01.06.2003
30.691	30.701	30.596	30.701	25.05.2003
30.866	30.866	30.691	30.691	18.05.2003
31.076	31.076	30.871	30.871	11.05.2003
31.086	31.096	31.076	31.076	04.05.2003
31.081	31.086	31.076	31.086	27.04.2003
31.166	31.166	31.076	31.076	20.04.2003
31.191	31.191	31.161	31.166	13.04.2003
31.261	31.261	31.251	31.261	06.04.2003
31.359	31.362	31.255	31.261	30.03.2003
31.363	31.366	31.350	31.357	23.03.2003
31.378	31.411	31.355	31.368	16.03.2003
31.530	31.535	31.351	31.379	09.03.2003
31.556	31.578	31.530	31.537	02.03.2003
31.520	31.610	31.520	31.561	23.02.2003
31.611	31.618	31.455	31.522	16.02.2003
31.812	31.812	31.604	31.606	09.02.2003
31.816	31.835	31.800	31.801	02.02.2003
31.782	31.828	31.764	31.824	26.01.2003
31.807	31.807	31.771	31.771	19.01.2003
31.809	31.825	31.785	31.799	12.01.2003
31.857	31.874	31.799	31.807	05.01.2003
31.894	31.934	31.804	31.879	29.12.2002
31.774	31.836	31.759	31.787	22.12.2002
31.843	31.843	31.814	31.799	15.12.2002
31.833	31.843	31.833	31.843	08.12.2002
31.833	31.843	31.833	31.843	01.12.2002
31.824	31.853	31.824	31.843	24.11.2002
31.829	31.831	31.814	31.819	17.11.2002
31.779	31.824	31.779	31.818	10.11.2002
31.774	31.804	31.774	31.804	03.11.2002
31.724	31.771	31.704	31.769	27.10.2002
31.684	31.724	31.684	31.714	20.10.2002
31.685	31.685	31.675	31.684	13.10.2002
31.710	31.710	31.670	31.670	06.10.2002
31.670	31.710	31.670	31.695	29.09.2002
31.645	31.645	31.635	31.650	22.09.2002
31.639	31.645	31.620	31.645	15.09.2002
31.619	31.649	31.619	31.639	08.09.2002
31.583	31.614	31.583	31.614	01.09.2002
31.577	31.612	31.577	31.612	25.08.2002
31.554	31.577	31.554	31.577	18.08.2002
31.524	31.554	31.519	31.554	11.08.2002
31.524	31.524	31.524	31.524	04.08.2002
31.507	31.534	31.424	31.534	28.07.2002
31.504	31.524	31.504	31.519	21.07.2002
31.515	31.552	31.515	31.552	14.07.2002
31.517	31.581	31.517	31.578	07.07.2002
31.499	31.524	31.499	31.524	30.06.2002
31.474	31.474	31.444	31.454	23.06.2002
31.389	31.413	31.389	31.398	16.06.2002
31.399	31.419	31.384	31.394	09.06.2002
31.299	31.399	31.289	31.394	02.06.2002
31.279	31.319	31.279	31.314	26.05.2002
31.239	31.274	31.234	31.269	19.05.2002
31.239	31.254	31.229	31.243	12.05.2002
31.214	31.219	31.184	31.204	05.05.2002
31.179	31.224	31.179	31.224	28.04.2002
31.173	31.214	31.143	31.179	21.04.2002
30.921	31.189	30.921	31.167	14.04.2002
31.213	31.223	31.178	31.198	07.04.2002
31.144	31.206	31.144	31.188	31.03.2002
31.151	31.189	31.015	31.189	24.03.2002
31.139	31.174	31.081	31.161	17.03.2002
31.055	31.114	31.034	31.081	10.03.2002
31.010	31.060	30.990	31.007	03.03.2002
30.936	31.018	30.917	31.007	24.02.2002
30.876	30.945	30.857	30.935	17.02.2002
30.815	30.887	30.800	30.857	10.02.2002
30.713	30.808	30.713	30.805	03.02.2002
30.670	30.721	30.555	30.720	27.01.2002
30.581	30.660	30.545	30.597	20.01.2002
30.440	30.598	30.353	30.580	13.01.2002
30.515	30.590	30.440	30.445	06.01.2002
30.485	30.618	30.235	30.595	30.12.2001
30.105	30.485	30.105	30.485	23.12.2001
30.345	30.423	30.198	30.241	16.12.2001
30.090	30.360	30.055	30.315	09.12.2001
29.945	30.059	29.910	30.059	02.12.2001
29.938	29.945	29.920	29.895	25.11.2001
29.820	29.955	29.820	29.935	18.11.2001
29.727	29.823	29.711	29.820	11.11.2001
29.745	29.753	29.650	29.711	04.11.2001
29.700	29.755	29.662	29.741	28.10.2001
29.542	29.695	29.540	29.691	21.10.2001
29.505	29.550	29.488	29.539	14.10.2001
29.493	29.539	29.480	29.488	07.10.2001
29.455	29.518	29.420	29.498	30.09.2001
29.413	29.450	29.380	29.447	23.09.2001
29.445	29.446	29.396	29.408	16.09.2001
29.435	29.467	29.420	29.450	09.09.2001
29.404	29.457	29.372	29.430	02.09.2001
29.358	29.422	29.330	29.403	26.08.2001
29.354	29.370	29.330	29.353	19.08.2001
29.320	29.360	29.310	29.344	12.08.2001
29.350	29.360	29.290	29.320	05.08.2001
29.266	29.345	29.266	29.345	29.07.2001
29.260	29.280	29.223	29.265	22.07.2001
29.233	29.280	29.180	29.262	15.07.2001
29.182	29.245	29.116	29.189	08.07.2001
29.122	29.187	29.122	29.187	01.07.2001
29.122	29.149	29.071	29.127	24.06.2001
29.056	29.149	29.056	29.061	17.06.2001
29.144	29.156	29.061	29.061	10.06.2001
29.151	29.174	29.121	29.146	03.06.2001
29.089	29.161	29.051	29.150	27.05.2001
29.079	29.104	29.061	29.078	20.05.2001
28.973	29.094	28.941	29.075	13.05.2001
28.971	28.973	28.941	28.961	06.05.2001
28.928	28.973	28.854	28.953	29.04.2001
28.847	28.951	28.818	28.841	22.04.2001
28.851	28.945	28.801	28.871	15.04.2001
28.833	28.870	28.762	28.841	08.04.2001
28.767	28.916	28.753	28.833	01.04.2001
28.755	28.791	28.736	28.741	25.03.2001
28.659	28.758	28.625	28.753	18.03.2001
28.661	28.662	28.642	28.657	11.03.2001
28.661	28.662	28.621	28.651	04.03.2001
28.761	28.761	28.621	28.646	25.02.2001
28.681	28.748	28.611	28.748	18.02.2001
28.681	28.681	28.656	28.662	11.02.2001
28.431	28.668	28.431	28.668	04.02.2001
28.360	28.451	28.351	28.439	28.01.2001
28.321	28.387	28.321	28.362	21.01.2001
28.305	28.371	28.305	28.344	14.01.2001
28.397	28.411	28.300	28.300	07.01.2001
28.140	28.509	28.140	28.420	31.12.2000
27.955	28.140	27.868	28.140	24.12.2000
27.968	27.968	27.943	27.955	17.12.2000
27.950	27.961	27.904	27.949	10.12.2000
27.908	27.970	27.908	27.970	03.12.2000
27.864	27.913	27.849	27.863	26.11.2000
27.857	27.895	27.817	27.885	19.11.2000
27.759	27.807	27.719	27.798	12.11.2000
27.826	27.826	27.719	27.805	05.11.2000
27.810	27.861	27.810	27.834	29.10.2000
27.930	27.930	27.810	27.810	22.10.2000
27.831	27.937	27.815	27.937	15.10.2000
27.912	27.954	27.842	27.843	08.10.2000
27.769	27.930	27.742	27.930	01.10.2000
27.844	27.849	27.733	27.761	24.09.2000
27.747	27.864	27.747	27.818	17.09.2000
27.864	27.864	27.721	27.721	10.09.2000
27.759	27.860	27.759	27.860	03.09.2000
27.714	27.761	27.714	27.746	27.08.2000
27.709	27.724	27.683	27.700	20.08.2000
27.709	27.799	27.696	27.719	13.08.2000
27.704	27.779	27.682	27.685	06.08.2000
27.934	27.934	27.709	27.724	30.07.2000
27.629	27.804	27.617	27.799	23.07.2000
27.813	27.813	27.504	27.619	16.07.2000
27.963	27.963	27.823	27.833	09.07.2000
28.063	28.068	27.968	27.975	02.07.2000
28.076	28.093	28.028	28.048	25.06.2000
28.262	28.272	28.138	28.138	18.06.2000
28.336	28.361	28.262	28.262	11.06.2000
28.296	28.366	28.231	28.366	04.06.2000
28.241	28.376	28.219	28.376	28.05.2000
28.261	28.318	28.256	28.261	21.05.2000
28.226	28.386	28.226	28.316	14.05.2000
28.376	28.381	28.246	28.256	07.05.2000
28.406	28.406	28.366	28.376	30.04.2000
28.516	28.526	28.406	28.406	23.04.2000
28.811	28.841	28.576	28.591	16.04.2000
28.597	28.607	28.457	28.464	09.04.2000
28.787	28.787	28.622	28.622	02.04.2000
28.276	28.662	28.257	28.637	26.03.2000
28.386	28.401	28.326	28.326	19.03.2000
28.496	28.506	28.411	28.413	12.03.2000
28.566	28.566	28.481	28.481	05.03.2000
28.656	28.686	28.566	28.596	27.02.2000
28.816	28.896	28.656	28.686	20.02.2000
28.757	28.817	28.697	28.812	13.02.2000
28.727	28.852	28.652	28.852	06.02.2000
28.608	28.767	28.543	28.767	30.01.2000
28.481	28.613	28.464	28.613	23.01.2000
28.633	28.643	28.508	28.508	16.01.2000
27.413	29.478	27.413	28.633	09.01.2000
27.428	27.578	27.063	27.433	02.01.2000
26.573	27.628	26.573	27.528	26.12.1999
26.688	27.101	26.523	26.738	19.12.1999
26.898	26.923	26.738	26.763	12.12.1999
26.808	26.928	26.808	26.923	05.12.1999
26.523	26.788	26.523	26.783	28.11.1999
26.493	26.512	26.413	26.468	21.11.1999
26.228	26.438	26.228	26.423	14.11.1999
26.254	26.333	26.134	26.333	07.11.1999
26.174	26.369	26.174	26.254	31.10.1999
25.664	26.184	25.664	26.084	24.10.1999
25.854	25.854	25.749	25.754	17.10.1999
25.759	25.934	25.654	25.934	10.10.1999
25.754	25.824	25.709	25.774	03.10.1999
25.314	25.489	25.094	25.489	26.09.1999
25.399	25.414	25.284	25.359	19.09.1999
25.804	25.824	25.404	25.554	12.09.1999
25.874	25.874	25.717	25.744	05.09.1999
24.779	25.874	24.747	25.874	29.08.1999
24.904	24.904	24.784	24.789	22.08.1999
24.859	24.904	24.579	24.904	15.08.1999
24.704	25.129	24.704	24.964	08.08.1999
24.219	24.704	24.219	24.704	01.08.1999
24.254	24.284	24.194	24.224	25.07.1999
24.299	24.299	24.239	24.239	18.07.1999
24.404	24.411	24.314	24.314	11.07.1999
24.449	24.574	24.404	24.404	04.07.1999
24.379	24.474	24.199	24.474	27.06.1999
24.339	24.424	24.199	24.364	20.06.1999
24.414	24.509	24.208	24.334	13.06.1999
24.604	24.604	24.354	24.414	06.06.1999
24.729	24.729	24.527	24.549	30.05.1999
24.779	24.779	24.464	24.689	23.05.1999
25.030	25.030	24.705	24.804	16.05.1999
24.545	25.480	24.270	25.430	09.05.1999
24.570	24.570	24.515	24.545	02.05.1999
24.655	24.655	24.140	24.570	25.04.1999
25.530	25.530	24.880	24.880	18.04.1999
24.940	25.930	24.940	25.530	11.04.1999
25.980	25.980	25.555	25.555	04.04.1999
25.180	26.180	24.705	26.180	28.03.1999
23.900	27.030	23.900	26.870	21.03.1999
23.240	23.930	23.240	23.930	14.03.1999
23.380	23.400	22.960	23.400	07.03.1999
23.080	23.380	22.870	23.380	28.02.1999
22.980	23.055	22.780	23.055	21.02.1999
23.055	23.155	22.820	23.080	14.02.1999
23.105	23.105	22.750	22.870	07.02.1999
22.930	23.380	22.930	23.230	31.01.1999
23.180	23.180	22.750	22.930	24.01.1999
23.330	23.330	23.280	23.280	17.01.1999
23.330	23.430	21.780	22.680	10.01.1999
20.600	23.280	20.600	23.280	03.01.1999
20.970	20.970	20.600	20.600	27.12.1998
20.879	21.679	19.850	20.240	20.12.1998
21.279	22.079	20.679	21.859	13.12.1998
21.179	21.279	19.739	21.279	06.12.1998
18.204	20.589	18.204	20.589	29.11.1998
18.204	18.279	17.979	18.229	22.11.1998
18.779	18.779	17.729	17.729	15.11.1998
15.629	18.089	15.629	18.089	08.11.1998
16.529	16.529	15.629	15.629	01.11.1998
16.669	16.669	16.629	16.629	25.10.1998
15.489	17.069	15.489	16.739	18.10.1998
15.819	15.819	12.979	13.539	11.10.1998
15.755	15.950	15.755	15.819	04.10.1998
15.862	16.039	15.862	15.885	27.09.1998
14.581	16.362	14.581	15.590	20.09.1998
11.411	14.581	11.411	14.581	13.09.1998
18.882	20.812	12.857	12.857	06.09.1998
10.032	16.972	8.582	16.972	30.08.1998
7.123	11.982	7.123	11.982	23.08.1998
6.413	6.988	6.413	6.988	16.08.1998
6.242	6.256	6.242	6.256	09.08.1998
6.225	6.239	6.225	6.234	02.08.1998
6.210	6.224	6.210	6.222	26.07.1998
6.204	6.208	6.185	6.208	19.07.1998
6.197	6.201	6.197	6.201	12.07.1998
6.190	6.196	6.190	6.196	05.07.1998
6.181	6.187	6.181	6.187	28.06.1998
6.173	6.179	6.173	6.179	21.06.1998
6.159	6.172	6.159	6.172	14.06.1998
6.156	6.159	6.156	6.159	07.06.1998
6.152	6.156	6.152	6.156	31.05.1998
6.146	6.148	6.146	6.148	24.05.1998
6.134	6.146	6.134	6.146	17.05.1998
6.128	6.141	6.128	6.134	10.05.1998
6.123	6.128	6.123	6.128	03.05.1998
6.120	6.123	6.120	6.123	26.04.1998
6.119	6.121	6.119	6.120	19.04.1998
6.113	6.118	6.113	6.118	12.04.1998
6.103	6.110	6.103	6.110	05.04.1998
6.095	6.103	6.095	6.103	29.03.1998
6.088	6.093	6.088	6.093	22.03.1998
6.080	6.087	6.080	6.087	15.03.1998
6.071	6.078	6.071	6.078	08.03.1998
6.063	6.069	6.063	6.069	01.03.1998
6.053	6.062	6.053	6.062	22.02.1998
6.039	6.051	6.039	6.051	15.02.1998
6.030	6.039	6.030	6.039	08.02.1998
6.018	6.028	6.018	6.028	01.02.1998
6.012	6.013	6.012	6.013	25.01.1998
5.988	6.007	5.988	6.007	18.01.1998
5.967	5.988	5.967	5.988	11.01.1998
5.966	5.968	5.962	5.965	04.01.1998
5.951	5.951	5.951	5.951	28.12.1997
5.936	5.948	5.936	5.948	21.12.1997
5.929	5.936	5.929	5.936	14.12.1997
5.923	5.929	5.923	5.928	07.12.1997
5.912	5.923	5.912	5.923	30.11.1997
5.904	5.910	5.904	5.910	23.11.1997
5.896	5.900	5.896	5.900	16.11.1997
5.887	5.895	5.887	5.895	09.11.1997
5.882	5.885	5.882	5.885	02.11.1997
5.876	5.882	5.876	5.882	26.10.1997
5.873	5.874	5.873	5.874	19.10.1997
5.867	5.873	5.867	5.873	12.10.1997
5.856	5.867	5.856	5.867	05.10.1997
5.857	5.860	5.857	5.860	28.09.1997
5.851	5.855	5.851	5.855	21.09.1997
5.844	5.849	5.844	5.849	14.09.1997
5.837	5.840	5.837	5.840	07.09.1997
5.824	5.836	5.824	5.836	31.08.1997
5.819	5.824	5.819	5.824	24.08.1997
5.811	5.817	5.811	5.817	17.08.1997
5.806	5.809	5.806	5.809	10.08.1997
5.802	5.805	5.802	5.805	03.08.1997
5.801	5.801	5.796	5.801	27.07.1997
5.787	5.795	5.787	5.795	20.07.1997
5.785	5.785	5.782	5.782	13.07.1997
5.783	5.785	5.779	5.785	06.07.1997
5.783	5.786	5.783	5.783	29.06.1997
5.784	5.784	5.783	5.783	22.06.1997
5.783	5.783	5.761	5.783	15.06.1997
5.778	5.782	5.762	5.782	08.06.1997
5.779	5.779	5.765	5.765	01.06.1997
5.772	5.775	5.760	5.774	25.05.1997
5.772	5.772	5.754	5.772	18.05.1997
5.770	5.772	5.770	5.772	11.05.1997
5.765	5.769	5.765	5.769	04.05.1997
5.760	5.763	5.760	5.763	27.04.1997
5.754	5.759	5.754	5.759	20.04.1997
5.747	5.753	5.747	5.753	13.04.1997
5.738	5.745	5.738	5.745	06.04.1997
5.727	5.736	5.727	5.736	30.03.1997
5.715	5.722	5.715	5.722	23.03.1997
5.705	5.713	5.705	5.713	16.03.1997
5.694	5.697	5.694	5.697	09.03.1997
5.682	5.694	5.682	5.694	02.03.1997
5.670	5.679	5.670	5.679	23.02.1997
5.653	5.668	5.653	5.668	16.02.1997
5.646	5.653	5.646	5.653	09.02.1997
5.636	5.644	5.636	5.638	02.02.1997
5.622	5.631	5.622	5.631	26.01.1997
5.609	5.619	5.609	5.619	19.01.1997
5.594	5.606	5.594	5.606	12.01.1997
5.558	5.596	5.558	5.589	05.01.1997
5.554	5.554	5.554	5.554	29.12.1996
5.554	5.554	5.554	5.554	22.12.1996
5.539	5.550	5.539	5.550	15.12.1996
5.525	5.543	5.525	5.543	08.12.1996
5.515	5.523	5.515	5.523	01.12.1996
5.501	5.515	5.501	5.515	24.11.1996
5.488	5.496	5.488	5.496	17.11.1996
5.478	5.485	5.478	5.485	10.11.1996
5.462	5.465	5.462	5.465	03.11.1996
5.451	5.460	5.451	5.460	27.10.1996
5.440	5.446	5.440	5.446	20.10.1996
5.433	5.438	5.433	5.438	13.10.1996
5.423	5.430	5.423	5.430	06.10.1996
5.400	5.421	5.400	5.421	29.09.1996
5.388	5.398	5.388	5.398	22.09.1996
5.374	5.386	5.374	5.386	15.09.1996
5.360	5.371	5.360	5.371	08.09.1996
5.349	5.360	5.349	5.360	01.09.1996
5.344	5.366	5.344	5.356	25.08.1996
5.306	5.330	5.306	5.330	18.08.1996
5.265	5.294	5.265	5.294	11.08.1996
5.235	5.265	5.235	5.265	04.08.1996
5.193	5.215	5.193	5.215	28.07.1996
5.169	5.184	5.169	5.184	21.07.1996
5.128	5.155	5.127	5.153	14.07.1996
5.136	5.136	5.130	5.130	07.07.1996
5.119	5.138	5.119	5.138	30.06.1996
5.083	5.109	5.083	5.109	23.06.1996
5.060	5.060	5.053	5.053	16.06.1996
5.054	5.056	5.049	5.049	09.06.1996
5.032	5.054	5.032	5.054	02.06.1996
5.009	5.034	5.009	5.034	26.05.1996
4.983	5.015	4.983	5.008	19.05.1996
4.974	4.998	4.973	4.998	12.05.1996
4.951	4.963	4.951	4.961	05.05.1996
4.940	4.943	4.940	4.943	28.04.1996
4.925	4.937	4.925	4.937	21.04.1996
4.910	4.921	4.910	4.921	14.04.1996
4.888	4.907	4.888	4.907	07.04.1996
4.862	4.876	4.862	4.876	31.03.1996
4.851	4.859	4.851	4.859	24.03.1996
4.840	4.850	4.840	4.850	17.03.1996
4.830	4.838	4.830	4.838	10.03.1996
4.826	4.828	4.826	4.828	03.03.1996
4.796	4.823	4.796	4.823	25.02.1996
4.770	4.791	4.770	4.791	18.02.1996
4.751	4.763	4.751	4.763	11.02.1996
4.741	4.746	4.741	4.746	04.02.1996
4.732	4.741	4.732	4.741	28.01.1996
4.694	4.727	4.694	4.727	21.01.1996
4.675	4.688	4.675	4.688	14.01.1996
4.668	4.675	4.668	4.675	07.01.1996
4.648	4.668	4.643	4.668	31.12.1995
4.648	4.651	4.648	4.648	24.12.1995
4.635	4.647	4.635	4.647	17.12.1995
4.586	4.622	4.586	4.622	10.12.1995
4.586	4.607	4.586	4.607	03.12.1995
4.578	4.584	4.578	4.581	26.11.1995
4.562	4.572	4.562	4.572	19.11.1995
4.528	4.547	4.528	4.547	12.11.1995
4.507	4.526	4.507	4.525	05.11.1995
4.507	4.522	4.507	4.522	29.10.1995
4.509	4.509	4.507	4.507	22.10.1995
4.509	4.509	4.509	4.509	15.10.1995
4.496	4.512	4.496	4.512	08.10.1995
4.498	4.498	4.493	4.496	01.10.1995
4.489	4.511	4.489	4.502	24.09.1995
4.468	4.477	4.468	4.477	17.09.1995
4.472	4.477	4.468	4.468	10.09.1995
4.450	4.482	4.448	4.477	03.09.1995
4.425	4.450	4.425	4.450	27.08.1995
4.415	4.431	4.415	4.425	20.08.1995
4.409	4.411	4.409	4.411	13.08.1995
4.408	4.408	4.408	4.408	06.08.1995
4.448	4.448	4.408	4.419	30.07.1995
4.493	4.493	4.418	4.423	23.07.1995
4.552	4.552	4.498	4.498	16.07.1995
4.549	4.568	4.533	4.553	09.07.1995
4.542	4.584	4.542	4.584	02.07.1995
4.522	4.542	4.519	4.542	25.06.1995
4.668	4.668	4.549	4.570	18.06.1995
4.884	4.884	4.668	4.668	11.06.1995
4.903	4.914	4.884	4.884	04.06.1995
5.022	5.022	4.946	4.946	28.05.1995
5.044	5.044	5.022	5.022	21.05.1995
5.059	5.059	5.029	5.044	14.05.1995
5.128	5.128	5.091	5.091	07.05.1995
5.119	5.133	5.119	5.133	30.04.1995
5.068	5.119	5.068	5.119	23.04.1995
5.069	5.069	5.054	5.056	16.04.1995
4.975	5.049	4.975	5.049	09.04.1995
4.911	4.975	4.911	4.975	02.04.1995
4.885	4.902	4.885	4.902	26.03.1995
4.810	4.870	4.810	4.870	19.03.1995
4.698	4.791	4.698	4.791	12.03.1995
4.588	4.675	4.588	4.675	05.03.1995
4.455	4.561	4.455	4.561	26.02.1995
4.342	4.432	4.342	4.432	19.02.1995
4.209	4.317	4.209	4.317	12.02.1995
4.136	4.194	4.136	4.194	05.02.1995
4.037	4.118	4.037	4.118	29.01.1995
3.972	4.022	3.972	4.022	22.01.1995
3.820	3.950	3.820	3.950	15.01.1995
3.670	3.779	3.670	3.779	08.01.1995
3.553	3.670	3.553	3.670	01.01.1995
3.499	3.553	3.499	3.553	25.12.1994
3.413	3.479	3.413	3.479	18.12.1994
3.326	3.398	3.326	3.398	11.12.1994
3.252	3.326	3.252	3.326	04.12.1994
3.231	3.264	3.231	3.264	27.11.1994
3.178	3.219	3.178	3.219	20.11.1994
3.121	3.170	3.121	3.170	13.11.1994
3.105	3.111	3.105	3.111	06.11.1994
3.078	3.105	3.078	3.105	30.10.1994
3.033	3.068	3.033	3.068	23.10.1994
2.999	3.025	2.999	3.025	16.10.1994
2.836	3.463	2.836	2.997	09.10.1994
2.646	2.836	2.646	2.836	02.10.1994
2.424	2.636	2.424	2.636	25.09.1994
2.320	2.463	2.320	2.418	18.09.1994
2.287	2.310	2.274	2.310	11.09.1994
2.217	2.256	2.207	2.207	04.09.1994
2.154	2.207	2.154	2.205	28.08.1994
2.174	2.174	2.156	2.156	21.08.1994
2.115	2.154	2.115	2.154	14.08.1994
2.090	2.115	2.090	2.115	07.08.1994
2.063	2.088	2.063	2.088	31.07.1994
2.055	2.063	2.055	2.063	24.07.1994
2.029	2.049	2.029	2.049	17.07.1994
2.020	2.027	2.020	2.027	10.07.1994
1.993	2.015	1.993	2.015	03.07.1994
1.985	1.995	1.985	1.991	26.06.1994
1.970	1.982	1.970	1.982	19.06.1994
1.955	1.962	1.955	1.962	12.06.1994
1.931	1.955	1.931	1.955	05.06.1994
1.927	1.927	1.919	1.921	29.05.1994
1.893	1.904	1.893	1.904	22.05.1994
1.880	1.889	1.880	1.889	15.05.1994
1.857	1.876	1.857	1.876	08.05.1994
1.835	1.857	1.835	1.857	01.05.1994
1.813	1.835	1.813	1.835	24.04.1994
1.795	1.813	1.795	1.813	17.04.1994
1.788	1.796	1.788	1.796	10.04.1994
1.776	1.776	1.775	1.775	03.04.1994
1.747	1.764	1.747	1.764	27.03.1994
1.728	1.745	1.728	1.745	20.03.1994
1.714	1.727	1.714	1.725	13.03.1994
1.694	1.709	1.694	1.709	06.03.1994
1.662	1.696	1.662	1.694	27.02.1994
1.576	1.660	1.576	1.660	20.02.1994
1.570	1.570	1.570	1.570	13.02.1994
1.565	1.572	1.565	1.570	06.02.1994
1.551	1.563	1.551	1.563	30.01.1994
1.547	1.547	1.545	1.545	23.01.1994
1.405	1.610	1.405	1.547	16.01.1994
1.277	1.359	1.277	1.359	09.01.1994
1.250	1.262	1.250	1.262	02.01.1994
1.252	1.252	1.250	1.250	26.12.1993
1.253	1.253	1.253	1.253	19.12.1993
1.234	1.250	1.234	1.250	12.12.1993
1.232	1.232	1.232	1.232	05.12.1993
1.234	1.238	1.232	1.232	28.11.1993
1.207	1.222	1.207	1.222	21.11.1993
1.188	1.206	1.188	1.206	14.11.1993
1.179	1.183	1.178	1.183	07.11.1993
1.184	1.184	1.179	1.179	31.10.1993
1.192	1.192	1.187	1.187	24.10.1993
1.196	1.196	1.194	1.194	17.10.1993
1.198	1.198	1.196	1.196	10.10.1993
1.171	1.194	1.171	1.194	03.10.1993
1.296	1.296	1.169	1.169	26.09.1993
1.032	1.302	1.032	1.300	19.09.1993
1.009	1.020	1.009	1.020	12.09.1993
0.993	1.001	0.993	1.000	05.09.1993
0.992	0.995	0.992	0.993	29.08.1993
0.987	0.988	0.987	0.988	22.08.1993
0.987	0.987	0.987	0.987	15.08.1993
0.987	0.987	0.987	0.987	08.08.1993
0.989	0.989	0.987	0.987	01.08.1993
0.997	0.997	0.989	0.989	25.07.1993
1.017	1.017	1.004	1.004	18.07.1993
1.039	1.039	1.020	1.020	11.07.1993
1.045	1.045	1.045	1.045	04.07.1993